241,8
241,7
241,6
241,5
241,4
241,3
241,2
241,1
241,0
239,6
239,5
239,3
239,2
239,1
239,0
236,6
236,5
236,3
236,2
236,1
236,0
233,5
233,4
233,3
233,2
233,1
233,0
232,5
232,4
232,3
232,2
232,1
232,0
231,7
231,6
231,4
231,3
231,2
231,1
231,0
228,4
228,3
228,2
228,1
228,0
227,5
227,4
227,3
227,2
227,1
227,0
226,3
226,2
226,1
226,0
225,4
225,3
225,2
225,1
225,0
224,3
224,2
224,1
224,0
223,4
223,3
223,2
223,1
223,0
222,4
222,3
222,2
222,1
222,0
221,4
221,3
221,2
221,1
221,0
220,5
220,4
220,3
220,2
220,1
220,0
219,3
219,2
219,1
219,0
218,4
218,3
218,2
218,1
218,0
217,3
217,2
217,1
217,0
4,3
2,5
2,4
2,3
2,2
2,1
2,0
1,3
0,243
0,9
0,1
0,300
0,299
0,298
0,297
0,296
0,295
0,294
0,293
0,292
0,291
0,290
0,289
0,288
0,287
0,286
0,285
0,284
0,283
0,282
0,281
0,280
0,279
0,278
0,277
0,276
0,275
0,274
0,273
0,272
0,271
0,270
0,269
0,268
0,267
0,266
0,265
0,264
0,263
0,262
0,261
0,260
0,259
0,258
0,257
0,256
0,255
0,254
0,253
0,252
0,251
0,250
0,249
0,248
0,247
0,246
0,245
0,244
0,242
0,241
0,240
0,239
0,238
0,237
0,236
0,235
0,234
0,233
0,232
0,231
0,230
0,229
0,228
0,227
0,226
0,225
0,224
0,223
0,222
0,221
0,220
0,219
0,218
0,217
0,216
0,215
0,214
0,213
0,212
0,211
0,210
0,209
0,208
0,207
0,206
0,205
0,204
0,203
0,202
0,201
0,200
0,199
0,198
0,197
0,196
0,195
0,194
0,193
0,192
0,63
0,62
0,61
0,60
0,59
0,58
0,57
0,56
0,55
0,54
0,53
0,52
0,51
0,50
0,49
0,48
0,47
0,46
0,45
0,6
0,0
0,5
0,304
0,303
0,306
0,305
0,302
0,12
0,10
0,8
0,11
0,2
0,4
0,3
0,7
